$ 1 0.000005 10.20027730826997 50 5 43 5e-11
w -160 32 352 32 0
w -96 128 -96 240 0
s -96 128 -16 128 0 1 true
s -96 240 -16 240 0 1 true
w -160 128 -96 128 0
w -160 128 -160 208 0
w -160 464 -160 560 0
w 272 384 352 384 3
w -160 464 -64 464 0
s -160 384 -16 384 0 1 true
s -64 464 80 464 0 1 true
s -80 560 80 560 0 1 true
w -80 560 -160 560 0
r 128 384 272 384 0 220
r 208 464 352 464 0 220
r 208 560 336 560 0 220
R -160 208 -240 208 0 0 40 3 0 0 0.5
g -160 336 -160 256 0 0
w 336 560 352 560 0
w 352 464 352 560 0
d 128 384 -16 384 2 default
d 208 464 80 464 2 default
d 208 560 80 560 2 default
w 352 384 352 464 0
w 352 80 352 384 0
w 16 336 -16 336 0
w -160 80 -160 128 0
w -160 384 -160 464 0
w -160 336 -160 384 0
w -16 128 48 128 0
r 144 -64 192 -64 0 47
w -16 240 48 240 0
r 48 128 96 128 0 220
r 48 240 96 240 0 220
t 160 128 208 128 0 1 -1.3123943581853836 0.18758388088247102 100 default
t 160 240 208 240 0 1 -1.3123943957323478 0.18758388087833644 100 default
w 208 144 208 160 0
w 208 80 -160 80 0
w -160 32 -160 80 0
w 352 32 352 80 0
w 208 112 208 80 0
w 208 256 208 336 3
d 208 336 128 336 2 default
w -16 336 -160 336 0
w 96 128 160 128 3
w 160 240 96 240 3
r 128 336 16 336 0 220.00000000000003
w 208 160 208 224 0
s 512 176 608 176 0 1 true
R 512 176 432 176 0 0 40 3 0 0 0.5
g 432 304 432 224 0 0
w 608 176 608 304 3
r 432 304 560 304 0 220
d 608 304 560 304 2 default
